0.0168271 0.00669248 0.0207976 0.0391311 0.0480111 0.453481 0.138607 0.021771 0.221427 0.0332541 
0.0155551 0.00230067 0.0585588 0.028748 0.058226 0.0136035 0.00768932 0.141427 0.612835 0.0610562 
0.0858997 0.00930473 0.186729 0.166454 0.0176102 0.0633625 0.0128921 0.0093304 0.437098 0.0113206 
0.0438572 0.0380272 0.0767977 0.081273 0.0946014 0.135334 0.177253 0.0489015 0.281875 0.0220802 
0.00575946 0.00403649 0.144782 0.47759 0.00205253 0.147311 0.00477835 0.125817 0.0815937 0.00627949 
0.0450697 0.0460434 0.236282 0.0957586 0.0618698 0.0602676 0.0114516 0.0463398 0.380439 0.0164784 
0.0669572 0.0483648 0.543677 0.0691886 0.0731326 0.0219183 0.0374371 0.0180559 0.10985 0.0114188 
0.080298 0.0358455 0.183436 0.0916506 0.103168 0.16215 0.0250225 0.0309819 0.222368 0.0650793 
0.0996922 0.100127 0.140451 0.0935924 0.0508265 0.0802626 0.0453173 0.161715 0.119523 0.108493 
0.024202 0.0328504 0.133349 0.180174 0.039513 0.236232 0.0216274 0.135636 0.105461 0.0909548 
0.0307288 0.0060799 0.161952 0.247333 0.0388778 0.0314861 0.0419886 0.0803532 0.289354 0.0718466 
0.00319913 0.00414087 0.0403447 0.247559 0.056574 0.31921 0.000754843 0.0181724 0.305764 0.00428108 
0.0417175 0.0157822 0.206467 0.0656738 0.0269977 0.136417 0.0241752 0.0141782 0.43826 0.0303315 
0.28363 0.0141116 0.235345 0.0325764 0.0141494 0.0411311 0.0563 0.00137371 0.31627 0.00511225 
0.0156729 0.0335268 0.191654 0.154751 0.122489 0.0770367 0.0166436 0.218016 0.116305 0.0539048 
0.00670877 0.0619929 0.589247 0.0257347 0.00372198 0.0281876 0.00207458 0.255286 0.0226755 0.00437157 
0.114461 0.00598605 0.13157 0.413869 0.00695911 0.0449907 0.0183578 0.0436327 0.13479 0.0853837 
0.0059438 0.00524632 0.11311 0.289627 0.0118401 0.19644 0.0212142 0.00398476 0.335174 0.0174204 
0.0141664 0.0153943 0.158823 0.220972 0.00403812 0.164364 0.0169304 0.105092 0.231951 0.0682682 
0.0627333 0.0504536 0.0656371 0.12717 0.0538101 0.245206 0.136353 0.0192098 0.214512 0.0249158 
0.0660981 0.00599324 0.293656 0.16805 0.0538482 0.05722 0.0418886 0.14554 0.0734644 0.0942412 
0.0219042 0.0128489 0.0185288 0.373747 0.0214529 0.479904 0.0127546 0.00585896 0.0419011 0.0110996 
0.086345 0.0760673 0.209646 0.167639 0.0469275 0.115492 0.0098555 0.0547815 0.196827 0.0364187 
0.0417563 0.0214762 0.0596573 0.104759 0.0592607 0.0885705 0.0507823 0.017411 0.495616 0.0607099 
0.0690989 0.0179673 0.151112 0.0956869 0.105749 0.212966 0.0161397 0.111805 0.188562 0.0309141 
0.0178441 0.00644163 0.446133 0.134523 0.0195911 0.0155163 0.0326332 0.155336 0.152611 0.0193711 
0.00816377 0.000857312 0.0788351 0.406496 0.0448547 0.0721956 0.0899963 0.0023778 0.0756101 0.220614 
0.0214243 0.00770658 0.243488 0.234871 0.10623 0.195894 0.00573249 0.00992705 0.150589 0.0241374 
0.027351 0.0108941 0.296473 0.0512683 0.176822 0.112803 0.0102102 0.0393569 0.153003 0.121818 
0.0384972 0.0193633 0.207616 0.0746018 0.13989 0.0749952 0.147827 0.0333719 0.246739 0.0170982 
0.0275746 0.00537879 0.0563136 0.119939 0.00288667 0.325195 0.0989634 0.0120617 0.307511 0.0441771 
0.0361637 0.102032 0.368173 0.0576752 0.213089 0.0660557 0.0821986 0.0249261 0.0376339 0.0120535 
0.0556655 0.0670282 0.0990957 0.251138 0.111363 0.0904751 0.0922408 0.0615655 0.110669 0.0607586 
0.0495159 0.00692104 0.0792898 0.0957368 0.015492 0.219144 0.0428891 0.0242407 0.434318 0.0324529 
0.0145717 0.0134023 0.237275 0.0186361 0.0278287 0.0147588 0.000581949 0.556872 0.111311 0.00476224 
0.0367701 0.0106193 0.280213 0.10275 0.0762832 0.0487617 0.0528753 0.0740937 0.294883 0.0227507 
0.0455561 0.00664483 0.210938 0.0879047 0.0244562 0.0954888 0.0379821 0.0309513 0.436956 0.0231226 
0.0234071 0.0464632 0.471997 0.111793 0.0476166 0.0138219 0.0297927 0.109668 0.123067 0.0223736 
0.0119994 0.0033253 0.586751 0.00590682 0.212254 0.00741335 0.0113764 0.0229776 0.131606 0.00639044 
0.0512507 0.109726 0.0911853 0.118119 0.0829429 0.0846006 0.0311422 0.0997726 0.280963 0.0502983 
0.0312067 0.0685389 0.243293 0.101113 0.0421291 0.0781741 0.0171965 0.174047 0.220986 0.0233166 
0.0413203 0.024888 0.32682 0.195146 0.1228 0.0655009 0.022176 0.0362868 0.128574 0.036489 
0.0408308 0.0357844 0.211469 0.0649588 0.0358661 0.0618544 0.0371248 0.0300576 0.465943 0.0161117 
0.14449 0.0541966 0.160267 0.112435 0.0744173 0.0727311 0.104099 0.0709551 0.120477 0.0859317 
0.0615519 0.0490951 0.0621729 0.27328 0.0177341 0.190693 0.0210418 0.242072 0.0574202 0.024939 
0.0173094 0.0166415 0.417111 0.329298 0.0253336 0.0042969 0.0315998 0.125612 0.0196354 0.0131632 
0.0735125 0.0242195 0.0752025 0.0813679 0.0751895 0.187831 0.0658905 0.0270481 0.284409 0.105329 
0.05521 0.0176699 0.0475827 0.027364 0.0441582 0.442006 0.0713018 0.0185222 0.255161 0.0210246 
0.0523866 0.0192005 0.0503688 0.162196 0.0754561 0.447192 0.0562464 0.0132302 0.0930656 0.0306576 
0.0359389 0.000619993 0.077445 0.290458 0.234649 0.0527337 0.11652 0.0206829 0.157024 0.013928 
0.0102641 0.00226421 0.172256 0.493605 0.0124283 0.0967311 0.0203124 0.0130629 0.147068 0.0320084 
0.0616593 0.0312169 0.155407 0.214587 0.0462542 0.032947 0.108859 0.213273 0.117877 0.0179198 
0.0449939 0.00194871 0.400026 0.10959 0.0231462 0.0245912 0.00439892 0.0811184 0.302986 0.0072007 
0.0227727 0.0101298 0.185106 0.102408 0.0294019 0.159218 0.0158104 0.0381879 0.35427 0.082695 
0.0135778 0.00706435 0.122239 0.0895871 0.0351037 0.0381955 0.00950813 0.0587321 0.2177 0.408292 
0.0383424 0.0214527 0.262405 0.0797558 0.258505 0.0675002 0.0637129 0.0328585 0.142005 0.0334627 
0.0466355 0.00968361 0.208676 0.403106 0.000671262 0.164418 0.00419467 0.0846476 0.046884 0.0310839 
0.0365896 0.0222872 0.131678 0.19158 0.0150318 0.0751898 0.0160087 0.231135 0.198856 0.0816439 
0.0830607 0.0767744 0.38608 0.0334253 0.0790142 0.0222894 0.0369665 0.0187593 0.25703 0.00660005 
0.00681715 0.00654296 0.057165 0.442657 0.0231118 0.150551 0.00955362 0.000987913 0.300411 0.00220234 
0.0645846 0.0199176 0.141349 0.162985 0.040526 0.241983 0.032302 0.0369869 0.195753 0.0636126 
0.0157225 0.0369804 0.188304 0.403194 0.00700842 0.099627 0.0058256 0.0375524 0.174086 0.0316994 
0.0100134 0.02263 0.164194 0.0180733 0.404493 0.0941576 0.0514144 0.103737 0.0971448 0.0341428 
0.00656312 0.00982131 0.167494 0.0994066 0.134012 0.0130748 0.0161783 0.071398 0.393013 0.0890385 
0.0492148 0.0192222 0.198902 0.0969094 0.0223752 0.144456 0.0478028 0.0717974 0.341094 0.00822708 
0.00385365 0.00956347 0.373804 0.00943924 0.0463566 0.0277428 0.0207842 0.0103196 0.493764 0.00437206 
0.0391565 0.0445982 0.333666 0.0783455 0.0636135 0.0696817 0.0156879 0.0944818 0.233041 0.0277278 
0.0367979 0.012495 0.205246 0.174231 0.0935792 0.0362136 0.0285746 0.0799815 0.31286 0.0200222 
0.0198496 0.0204884 0.0620145 0.110121 0.0396766 0.215972 0.0422761 0.0373263 0.398626 0.0536497 
0.0827483 0.0323382 0.361397 0.0278678 0.150983 0.048708 0.0741954 0.0430623 0.130395 0.0483058 
0.0950426 0.033291 0.233273 0.122298 0.178669 0.0669247 0.0862356 0.0633429 0.106334 0.0145892 
0.0763097 0.0292185 0.0725046 0.128525 0.0290065 0.0991879 0.0337406 0.0447665 0.392715 0.094026 
0.0436085 0.0194646 0.158029 0.159443 0.0448536 0.376448 0.0273699 0.0561027 0.0535671 0.0611137 
0.0744492 0.0286508 0.130346 0.0461347 0.0726445 0.0954833 0.108007 0.162667 0.252496 0.0291225 
0.0962623 0.0800764 0.121634 0.147528 0.0700788 0.205467 0.0500611 0.0584649 0.131236 0.0391922 
0.0556169 0.0112791 0.203502 0.0900099 0.0869839 0.156933 0.0282104 0.0324223 0.320351 0.0146913 
0.00876243 0.00822064 0.390914 0.187448 0.00464833 0.166487 0.00304774 0.141282 0.0313358 0.057854 
0.038838 0.0292337 0.0509513 0.0566555 0.0657826 0.488278 0.0343063 0.0924099 0.111772 0.031773 
0.0606021 0.00427111 0.0399679 0.0285958 0.0725532 0.557277 0.0625351 0.0514709 0.105075 0.0176516 
0.0568901 0.0186936 0.356236 0.216852 0.047913 0.0336397 0.051935 0.053685 0.0749374 0.0892188 
0.00891708 0.0120655 0.115073 0.334363 0.0144498 0.0536586 0.0258296 0.106343 0.309245 0.020055 
0.0292234 0.0591964 0.46997 0.181649 0.0358563 0.00918339 0.0447968 0.0871157 0.0520229 0.0309865 
0.0755762 0.025539 0.0975935 0.179013 0.0649961 0.1102 0.0701402 0.094186 0.220034 0.062722 
0.095177 0.0229063 0.496824 0.0602753 0.0167876 0.0159659 0.0438983 0.0114463 0.223838 0.0128816 
0.0668781 0.0255848 0.15632 0.118076 0.0593979 0.104076 0.0389622 0.0453811 0.333007 0.0523169 
0.0127645 0.0120912 0.161057 0.268944 0.0222689 0.06014 0.00407213 0.347237 0.0732952 0.0381292 
0.00815501 0.00943385 0.0886134 0.287181 0.014022 0.177632 0.00913974 0.0204875 0.35492 0.0304161 
0.0195846 0.00883689 0.178451 0.429186 0.0737683 0.070811 0.0478482 0.0197857 0.076404 0.0753243 
0.0187002 0.0255116 0.305062 0.07055 0.148915 0.115961 0.00826297 0.115249 0.135385 0.056402 
0.0558466 0.0293346 0.350815 0.0868832 0.0799309 0.0723976 0.0109361 0.0661004 0.234145 0.0136111 
0.0527345 0.00201173 0.1436 0.334468 0.0199056 0.097046 0.0250822 0.00595336 0.296713 0.0224862 
0.0387881 0.00461949 0.266867 0.0121018 0.0354674 0.0682344 0.00745704 0.0416472 0.50096 0.0238572 
0.0430029 0.0372688 0.0926312 0.314117 0.0169268 0.0644637 0.017797 0.148539 0.193989 0.0712649 
0.043686 0.0530755 0.305075 0.0798987 0.0730101 0.0214634 0.0147437 0.175545 0.219943 0.0135592 
0.021576 0.0466615 0.262446 0.050707 0.155129 0.134115 0.0115315 0.135792 0.070315 0.111727 
0.195684 0.0231207 0.174458 0.160477 0.0206518 0.0381207 0.0519387 0.221309 0.0881208 0.0261189 
0.0899102 0.00833603 0.0726422 0.0608098 0.0271928 0.318331 0.115614 0.0440263 0.234618 0.0285193 
0.0239871 0.00324167 0.15767 0.0498659 0.0208616 0.0837861 0.0234608 0.00314754 0.561446 0.0725331 
0.0528154 0.0603727 0.159341 0.187476 0.165501 0.0386058 0.0470401 0.147093 0.087028 0.0547283 
0.0177089 0.0165968 0.225964 0.358898 0.0263658 0.0182865 0.0779295 0.148409 0.107529 0.00231395 
0.0326687 0.0214612 0.115238 0.311616 0.0281106 0.0743823 0.0472315 0.125526 0.178681 0.0650838 
0.0162217 0.0633794 0.286398 0.204907 0.012215 0.157401 0.0216542 0.0749433 0.0865846 0.076295 
0.132506 0.00995008 0.0510094 0.0904223 0.0921115 0.185875 0.055636 0.0428311 0.33279 0.00686943 
0.0289332 0.0124194 0.162062 0.492287 0.0288618 0.0494746 0.0216224 0.0261262 0.108123 0.0700908 
0.116461 0.0332476 0.217475 0.119783 0.0104371 0.127808 0.0246834 0.127165 0.154946 0.0679925 
0.0417585 0.0400544 0.0657371 0.295622 0.0769784 0.15239 0.0257436 0.159679 0.115783 0.0262535 
0.0734205 0.0231822 0.238466 0.130926 0.17312 0.0620291 0.0778847 0.0739207 0.128487 0.0185645 
0.00475376 0.00906335 0.128593 0.413367 0.0269407 0.0334087 0.0238706 0.00959218 0.327606 0.0228054 
0.0524033 0.0092661 0.144694 0.306804 0.0317647 0.101625 0.012411 0.129714 0.176391 0.0349271 
0.0184516 0.014124 0.458216 0.113736 0.0661346 0.0110559 0.00844839 0.0734841 0.217931 0.0184179 
0.0196054 0.0125779 0.122413 0.229759 0.0182292 0.194818 0.0486912 0.0896739 0.163874 0.100358 
0.0275366 0.031062 0.540162 0.081424 0.0302065 0.0480289 0.038433 0.0384354 0.123461 0.0412501 
0.0120098 0.0191858 0.202911 0.413967 0.0678055 0.0353593 0.00545359 0.0856495 0.120732 0.0369268 
0.0464242 0.0164975 0.166708 0.376854 0.0431434 0.0306517 0.128205 0.0360732 0.135076 0.0203676 
0.0325168 0.0198177 0.116293 0.146684 0.014429 0.0813791 0.0365479 0.0463881 0.448513 0.057432 
0.00405905 0.000576997 0.028535 0.0677612 0.0155334 0.278076 0.00566345 0.0179124 0.505359 0.0765234 
0.0257974 0.00393656 0.152009 0.188884 0.0448278 0.326119 0.0226639 0.0220018 0.166473 0.0472865 
0.0225191 0.016113 0.331816 0.263758 0.0184074 0.0936667 0.0155757 0.0489679 0.182832 0.00634459 
0.0542669 0.0180155 0.0834041 0.135281 0.0139791 0.292473 0.11298 0.0191368 0.228925 0.0415389 
0.0258676 0.0515559 0.223554 0.421118 0.0333486 0.0787342 0.0075771 0.0408849 0.105031 0.0123274 
0.122693 0.0331161 0.141526 0.123272 0.0869972 0.0525875 0.0479535 0.0539539 0.321649 0.0162509 
0.065645 0.03698 0.06808 0.196212 0.181816 0.0706579 0.118784 0.12967 0.100794 0.0313606 
0.0823195 0.0268087 0.270416 0.128941 0.018314 0.0174578 0.0253583 0.101647 0.296222 0.0325166 
0.0213308 0.0102708 0.59584 0.0306317 0.0519488 0.0473293 0.0149046 0.0241909 0.194985 0.00856762 
0.0154567 0.00288649 0.160059 0.212173 0.148667 0.180694 0.00631572 0.0191913 0.236121 0.0184356 
0.0358354 0.0059848 0.0837613 0.135937 0.0667214 0.458041 0.0237435 0.0512362 0.0988303 0.0399089 
0.0459437 0.0138142 0.482809 0.0493833 0.0117064 0.142038 0.0031623 0.0405888 0.193311 0.0172434 
0.0168832 0.0139614 0.17168 0.475554 0.0150656 0.132474 0.00668973 0.0881321 0.0484418 0.031119 
0.0499801 0.0147227 0.193336 0.184628 0.00572408 0.209686 0.0674329 0.0590532 0.185347 0.0300914 
0.0121055 0.0018384 0.0938386 0.15295 0.0758856 0.318707 0.0155601 0.0415274 0.0403556 0.247232 
0.0206422 0.0343947 0.115307 0.145393 0.0911859 0.12647 0.0180152 0.130612 0.261643 0.056337 
0.15837 0.00867725 0.19945 0.236108 0.00784217 0.0348711 0.017293 0.0182121 0.192474 0.126703 
0.0125579 0.000236209 0.0129063 0.108441 0.0406642 0.601 0.013627 0.0281423 0.154901 0.027524 
0.103873 0.0154443 0.0127524 0.0246383 0.0336089 0.388791 0.0685463 0.0103126 0.287148 0.0548857 
0.0307381 0.0364462 0.39609 0.0765017 0.0084008 0.0801308 0.0158495 0.0425814 0.301837 0.0114245 
0.0929234 0.0125953 0.363577 0.174487 0.0215892 0.014466 0.0427569 0.109607 0.134036 0.0339627 
0.0626922 0.0263534 0.169074 0.141628 0.0287131 0.19385 0.0156049 0.221982 0.0826948 0.0574073 
0.112534 0.0834706 0.179346 0.141236 0.020701 0.105247 0.0416008 0.0582325 0.23107 0.0265621 
0.0463171 0.0545605 0.0543606 0.181195 0.0544083 0.20213 0.0546271 0.0822954 0.225098 0.0450077 
0.0474941 0.0400882 0.158259 0.0448989 0.0244162 0.0822669 0.0589201 0.0342532 0.4616 0.0478031 
0.0309124 0.0121726 0.14777 0.141417 0.0215189 0.296415 0.0113734 0.0464212 0.259219 0.032781 
0.0848137 0.0677746 0.175344 0.187099 0.0239262 0.127546 0.0113262 0.075258 0.165823 0.0810908 
0.0916123 0.0286 0.0991548 0.0975233 0.0970289 0.226449 0.0200735 0.0444236 0.240416 0.0547187 
0.0263267 0.0311257 0.238233 0.300189 0.0415913 0.0737248 0.0689524 0.00300129 0.211843 0.00501273 
0.0162288 0.0165007 0.29697 0.00919951 0.0733595 0.035683 0.00371822 0.0288647 0.512099 0.00737714 
0.0163793 0.0117065 0.54365 0.248942 0.0090338 0.00227091 0.0206438 0.111017 0.0335145 0.00284226 
0.0402388 0.0355917 0.110875 0.263004 0.09161 0.07542 0.0557641 0.123944 0.182438 0.0211158 
0.0160456 0.0170318 0.0311758 0.30053 0.0726246 0.247576 0.0159398 0.10415 0.0891771 0.105749 
0.028082 0.0165249 0.145851 0.156256 0.0496812 0.0483998 0.0149432 0.0242411 0.372111 0.14391 
0.0216522 0.0275128 0.376707 0.105437 0.0629542 0.110554 0.00396282 0.0879414 0.135074 0.0682036 
0.0641401 0.0334229 0.322385 0.0462164 0.172027 0.0114375 0.0363355 0.103533 0.192228 0.0182752 
0.123411 0.0315433 0.197388 0.0815662 0.129291 0.0659733 0.0486125 0.0401001 0.254241 0.0278732 
0.0663842 0.0276625 0.101058 0.127044 0.00882485 0.0594794 0.0317757 0.0117966 0.556886 0.00908912 
0.00626417 0.000629722 0.143807 0.0817177 0.248573 0.0541005 0.0110595 0.0165776 0.227338 0.209933 
0.0161184 0.0157037 0.209886 0.427431 0.0313734 0.0303854 0.00684953 0.128958 0.117052 0.0162427 
0.0159471 0.0215078 0.0838686 0.100457 0.158941 0.0641171 0.0190803 0.342145 0.129663 0.0642733 
0.0787296 0.0405803 0.34579 0.0397622 0.0935503 0.152631 0.0312409 0.105348 0.0817966 0.0305711 
0.104453 0.00675797 0.0709255 0.169587 0.0478541 0.103305 0.0930815 0.0576487 0.282798 0.06359 
0.0447546 0.0152791 0.132026 0.0875792 0.0104722 0.17073 0.0193846 0.0373882 0.284122 0.198264 
0.0620527 0.0191603 0.130872 0.174364 0.0893008 0.104014 0.0513156 0.0661158 0.204784 0.0980207 
0.0470635 0.0135781 0.176227 0.0900414 0.0252034 0.0998752 0.0302559 0.0238047 0.450151 0.0437996 
0.0414566 0.0468988 0.129641 0.0854781 0.343097 0.0523106 0.047967 0.0937366 0.128049 0.0313653 
0.0456403 0.0207566 0.103099 0.100402 0.116571 0.203483 0.0690892 0.0488994 0.203631 0.0884281 
0.0363735 0.0449433 0.10052 0.11111 0.123519 0.142578 0.035479 0.172343 0.179714 0.0534201 
0.0184802 0.0147208 0.217609 0.257601 0.166004 0.106334 0.0133848 0.0542117 0.122817 0.0288375 
0.0148497 0.0811044 0.0640876 0.112135 0.0543702 0.221875 0.00802245 0.181916 0.208774 0.0528661 
0.0479029 0.0280176 0.331613 0.0641006 0.0902307 0.0763288 0.0730571 0.0216993 0.246936 0.0201142 
0.0352396 0.00375309 0.232193 0.432721 0.013966 0.0377513 0.0119884 0.0864227 0.100532 0.0454331 
0.0337952 0.0807004 0.085649 0.154844 0.0429488 0.267104 0.0293763 0.131465 0.163579 0.0105383 
0.0708101 0.0186154 0.0870346 0.130669 0.0507993 0.283428 0.091402 0.0288207 0.201883 0.0365376 
0.0598856 0.044735 0.109025 0.156997 0.0882347 0.232952 0.0747466 0.0110776 0.196298 0.0260488 
0.0139507 0.113558 0.137868 0.140712 0.183362 0.0704873 0.0476198 0.0243206 0.25464 0.0134825 
0.0587051 0.0421184 0.155279 0.0637442 0.0245586 0.252251 0.0321856 0.121324 0.194334 0.0554995 
0.0107236 0.0179573 0.124636 0.00985004 0.0984226 0.0900353 0.00196163 0.211495 0.405155 0.0297643 
0.0251662 0.0351218 0.259974 0.252691 0.0214214 0.057103 0.028812 0.148252 0.0779325 0.0935272 
0.0277096 0.000601499 0.159504 0.201501 0.00809627 0.0133572 0.0369435 0.0157958 0.520726 0.0157656 
0.0658699 0.0241447 0.059508 0.0745954 0.0192034 0.266259 0.0561088 0.028068 0.379297 0.0269466 
0.0313562 0.137737 0.406211 0.152109 0.0088108 0.037066 0.0523355 0.0789875 0.0585238 0.0368631 
0.0444309 0.0193018 0.0910964 0.174325 0.100253 0.149186 0.0277731 0.114547 0.179628 0.0994582 
0.0701497 0.0224825 0.126928 0.0999646 0.100077 0.0541832 0.0468762 0.0798477 0.36536 0.0341308 
0.0337202 0.0392551 0.30665 0.10003 0.0617663 0.0314739 0.0284181 0.258518 0.137632 0.0025366 
0.00962368 0.0173079 0.0392231 0.248443 0.365318 0.00906426 0.0263678 0.0615477 0.138269 0.0848355 
0.00766304 0.00100033 0.0714888 0.145865 0.29774 0.0828473 0.0166643 0.023265 0.329717 0.0237484 
0.0864306 0.0111094 0.314619 0.121882 0.0298395 0.0692558 0.0503679 0.131385 0.120839 0.0642723 
0.0244934 0.00958938 0.280711 0.0771856 0.00650059 0.0441894 0.00180457 0.467309 0.0737697 0.014448 
0.0758019 0.0322612 0.0373033 0.0368657 0.0107354 0.545264 0.0184594 0.0511336 0.143671 0.048505 
0.0315253 0.0236435 0.228134 0.295651 0.0205378 0.0322556 0.0211616 0.0560607 0.106538 0.184492 
0.0178125 0.0185379 0.308794 0.0535406 0.0335031 0.0466893 0.00933422 0.0255934 0.481298 0.0048974 
0.0280525 0.016383 0.0898009 0.182992 0.118931 0.22861 0.0409894 0.0462778 0.124924 0.12304 
0.0607842 0.0200656 0.163475 0.136612 0.115167 0.281648 0.0331667 0.0152515 0.0648821 0.108948 
0.221027 0.10546 0.103082 0.0723523 0.0256127 0.142836 0.105534 0.00348314 0.109715 0.110899 
0.00633234 0.070889 0.468047 0.095945 0.0960955 0.0204765 0.0279363 0.0187563 0.181718 0.0138038 
0.0767304 0.0631627 0.244608 0.0540676 0.166249 0.0540207 0.167741 0.0139613 0.135571 0.0238891 
0.016254 0.00277208 0.0133047 0.0424167 0.0385963 0.241884 0.0159209 0.0146135 0.507707 0.106531 
0.025065 0.0405744 0.453649 0.084958 0.0668082 0.0219946 0.044079 0.0999093 0.159481 0.00348201 
0.0898715 0.0678126 0.114048 0.0932696 0.201315 0.0932268 0.0548777 0.0977683 0.101447 0.0863642 
0.030745 0.0443893 0.1831 0.289244 0.0923184 0.0198043 0.0140714 0.0528888 0.265712 0.00772694 
0.0216735 0.0187682 0.366333 0.245258 0.0354597 0.0439714 0.0154524 0.0916422 0.122763 0.038678 
0.043893 0.00530502 0.120752 0.0875275 0.0341704 0.080116 0.0996053 0.0494687 0.419138 0.0600245 
0.0556054 0.0670867 0.102633 0.102665 0.0564041 0.131656 0.0190385 0.127547 0.321605 0.0157601 
0.0702883 0.00464445 0.274241 0.0940625 0.0153458 0.0554492 0.0894483 0.00575534 0.361917 0.0288474 
0.0384835 0.052117 0.258766 0.112578 0.230996 0.0723451 0.0617476 0.0812725 0.056736 0.0349581 
0.0625001 0.0139378 0.393033 0.0746284 0.0174443 0.144915 0.0915902 0.0122712 0.178197 0.0114834 
0.0747943 0.0699725 0.16275 0.14941 0.0268771 0.132763 0.0215813 0.0305404 0.277675 0.0536374 
0.0669256 0.0127311 0.133428 0.135627 0.0657651 0.235391 0.0999151 0.0571314 0.159768 0.0333188 
0.0471477 0.0184771 0.196043 0.307484 0.00501423 0.209132 0.00425037 0.035446 0.154832 0.022173 
0.0964016 0.00980727 0.150326 0.0687895 0.00260238 0.0727577 0.02541 0.044272 0.377639 0.151995 
0.00933259 0.0141455 0.245428 0.313419 0.00806626 0.232253 0.00437901 0.0645856 0.0814657 0.0269254 
0.0913146 0.0275158 0.18639 0.0640712 0.0350404 0.142563 0.0170908 0.088103 0.331357 0.0165537 
0.030725 0.0214811 0.13997 0.237941 0.0181019 0.155134 0.0391813 0.0525354 0.244501 0.0604293 
0.162171 0.018691 0.211099 0.0525151 0.0330842 0.0317234 0.0783176 0.0128606 0.359654 0.0398837 
0.0476345 0.0153635 0.0923503 0.0588087 0.10859 0.166982 0.103283 0.0243808 0.271175 0.111433 
0.00990668 0.00227425 0.234722 0.328688 0.000484691 0.184567 0.00232916 0.0763825 0.145594 0.0150521 
0.0287594 0.0124032 0.0722039 0.426216 0.0475611 0.138931 0.00883719 0.0360787 0.156308 0.072701 
0.011442 0.0133268 0.108677 0.308778 0.0280373 0.314451 0.00453452 0.0190493 0.166668 0.0250359 
0.00228022 0.000219461 0.0229595 0.865971 0.0212269 0.0070691 0.000375248 0.0272262 0.0291088 0.0235637 
0.0283778 0.0381904 0.297918 0.0854533 0.0563332 0.00270898 0.036698 0.132652 0.293339 0.0283286 
0.0682134 0.0550092 0.204816 0.268688 0.0180606 0.0414383 0.0147639 0.168272 0.121318 0.0394202 
0.00352419 0.0277121 0.551801 0.105676 0.0540156 0.0119374 0.004082 0.0727308 0.164511 0.00401004 
0.0770886 0.0569325 0.184826 0.105828 0.0688719 0.0480812 0.068298 0.0696823 0.304866 0.0155249 
0.0977793 0.00465229 0.188617 0.0836241 0.0211213 0.119481 0.0605096 0.0172482 0.397024 0.00994347 
0.0247153 0.0630247 0.523047 0.0357711 0.0456907 0.164086 0.020921 0.0138718 0.0624689 0.0464042 
0.0946878 0.0255204 0.112826 0.152813 0.17423 0.187867 0.0702352 0.0497252 0.104851 0.0272438 
0.0476974 0.0510016 0.251529 0.141694 0.0385191 0.0907393 0.0616193 0.0302735 0.252054 0.0348732 
0.0110784 0.0199034 0.149147 0.543312 0.0440414 0.024968 0.00712926 0.0736265 0.119286 0.00750776 
0.0603349 0.0427602 0.2545 0.0953651 0.0188441 0.159333 0.0554347 0.0395944 0.25479 0.0190442 
0.0215571 0.0871481 0.523965 0.11499 0.0364751 0.0332085 0.02422 0.0116398 0.118404 0.0283923 
0.0325711 0.0132805 0.230996 0.0730186 0.0336193 0.259916 0.0250496 0.12232 0.160431 0.0487978 
0.0344449 0.00129147 0.0887377 0.208047 0.00727406 0.0287618 0.0361494 0.0140424 0.566086 0.0151653 
0.0868798 0.0168389 0.0790377 0.119526 0.020416 0.174013 0.031376 0.294461 0.140507 0.0369447 
0.0100408 0.0043463 0.518634 0.304063 0.00619636 0.0148813 0.00391598 0.0664378 0.0461328 0.0253516 
0.0736623 0.00511879 0.0619192 0.138799 0.0156616 0.0442692 0.0880836 0.0150206 0.540608 0.0168582 
0.0128139 0.0114453 0.0439821 0.0771987 0.03108 0.480522 0.00332509 0.0522136 0.200001 0.0874182 
0.0626448 0.00880833 0.0527403 0.0194336 0.347469 0.0814681 0.0148148 0.0448794 0.318443 0.0492992 
0.0735238 0.0202568 0.0611455 0.10638 0.00586084 0.274414 0.0466082 0.00844955 0.338282 0.0650791 
0.0274497 0.00803908 0.166291 0.133608 0.0170785 0.00904951 0.0630182 0.0268564 0.536952 0.0116569 
0.0554033 0.0101162 0.162355 0.0116354 0.18224 0.0627169 0.00901588 0.0571508 0.44435 0.00501712 
0.151257 0.0163964 0.164468 0.107129 0.162973 0.102626 0.0526321 0.0562483 0.156371 0.0298994 
0.031149 0.0200696 0.226505 0.137861 0.157105 0.123409 0.0198826 0.101716 0.1275 0.054803 
0.0428041 0.0537578 0.222283 0.0607584 0.0272104 0.0949092 0.0298059 0.196347 0.182057 0.0900676 
0.0996861 0.00953159 0.0809962 0.183915 0.0645672 0.130937 0.0888335 0.0176956 0.304834 0.0190039 
0.013998 0.00686022 0.409747 0.208134 0.0428956 0.0310717 0.00158259 0.22295 0.0367849 0.0259753 
0.174611 0.0531497 0.154082 0.0789159 0.0815102 0.108309 0.0329387 0.0865615 0.197338 0.0325842 
0.0400203 0.0112584 0.243122 0.0692588 0.123149 0.0901795 0.0311852 0.120837 0.205777 0.0652132 
0.0299491 0.00503773 0.112312 0.39046 0.122215 0.0937283 0.0322803 0.0697965 0.123738 0.020483 
0.0182998 0.152546 0.0699235 0.093287 0.380632 0.0123117 0.0482145 0.177431 0.0459619 0.00139237 
0.0415699 0.0584053 0.325355 0.0799059 0.0314269 0.0161275 0.0101156 0.0739134 0.343233 0.0199479 
0.0219103 0.0146165 0.127742 0.0412089 0.0397014 0.255387 0.0672434 0.0187477 0.379337 0.034106 
0.0285654 0.00436764 0.203677 0.298757 0.00948479 0.0149322 0.00515912 0.0189148 0.407649 0.00849423 
0.000843373 0.00248624 0.399663 0.0258396 0.443967 0.0710082 0.000155719 0.0198573 0.0298651 0.00631422 
0.017834 0.046191 0.077808 0.0907045 0.0492792 0.310083 0.00842445 0.0763229 0.267662 0.055691 
0.011638 0.0145552 0.358688 0.158599 0.0647141 0.0557675 0.0133275 0.196381 0.0821316 0.0441984 
0.021834 0.0149209 0.174633 0.252402 0.00629268 0.0982536 0.0454018 0.0161253 0.368611 0.00152602 
0.00973085 0.0115551 0.203832 0.193144 0.0139904 0.206289 0.0182963 0.0623727 0.257689 0.0230999 
0.0855189 0.0255513 0.100674 0.19865 0.0475206 0.229178 0.0396632 0.0352545 0.131604 0.106386 
0.0222906 0.00661835 0.19485 0.204678 0.0303943 0.179696 0.0201127 0.115715 0.133466 0.0921799 
0.0277823 0.00240117 0.00919955 0.100478 0.099573 0.292523 0.0250353 0.052138 0.367372 0.0234978 
0.060365 0.025995 0.0832833 0.323783 0.154993 0.0512696 0.0547093 0.0299319 0.184362 0.0313079 
0.0996323 0.0379601 0.0837612 0.15732 0.084477 0.119665 0.0828522 0.0436099 0.213349 0.077374 
0.0428902 0.00815244 0.262855 0.222635 0.0505156 0.0826146 0.0652484 0.069693 0.159379 0.0360164 
0.0124947 0.0199705 0.101026 0.324502 0.0429346 0.121526 0.0323686 0.0200559 0.240744 0.084378 
0.0334496 0.0611782 0.14626 0.0598366 0.275614 0.070265 0.0143202 0.0336868 0.287981 0.0174088 
0.0508536 0.038945 0.323512 0.114863 0.0405642 0.00928251 0.024361 0.138774 0.211919 0.0469262 
0.0391166 0.0327027 0.316161 0.0314159 0.0723477 0.15368 0.0275232 0.0231463 0.270174 0.0337327 
0.0689217 0.0139732 0.146471 0.0955503 0.0134841 0.0918173 0.0759808 0.0114793 0.435523 0.0467992 
0.010538 0.0144924 0.726748 0.0322481 0.0644653 0.00247268 0.0180131 0.0764251 0.0411646 0.0134328 
0.0147052 0.011597 0.333356 0.281808 0.0542649 0.0165722 0.0200395 0.108447 0.15295 0.00626036 
0.0763611 0.101487 0.0884559 0.0976326 0.0781945 0.0778871 0.0561136 0.194773 0.142548 0.0865478 
0.0144533 0.0031787 0.2276 0.140723 0.0727939 0.006836 0.00605626 0.151276 0.344405 0.0326772 
0.0371325 0.0341684 0.127594 0.205087 0.10704 0.119193 0.0430051 0.0295333 0.190424 0.106823 
0.0500837 0.0253437 0.386432 0.0454465 0.02278 0.034014 0.0259406 0.1788 0.203462 0.0276976 
0.0899838 0.00596275 0.245715 0.255381 0.0062696 0.145285 0.0636067 0.00586455 0.172982 0.0089494 
0.0406848 0.0921443 0.184021 0.0358093 0.126362 0.0528378 0.0371055 0.0945999 0.302413 0.0340221 
0.0251403 0.0424516 0.113499 0.147501 0.0122508 0.268212 0.0277052 0.0464023 0.286489 0.0303499 
0.0800933 0.00435616 0.339689 0.0886054 0.0168916 0.00286271 0.00216607 0.0798762 0.372254 0.0132058 
0.0154823 0.032086 0.101862 0.16569 0.210459 0.168278 0.00314525 0.0306986 0.216844 0.0554545 
0.129358 0.0103874 0.0913637 0.0736374 0.0438662 0.105284 0.138434 0.0386461 0.335727 0.0332963 
0.044754 0.0106917 0.22 0.380617 0.0266652 0.0366888 0.0413082 0.0314834 0.146574 0.0612172 
0.0544278 0.0159723 0.210842 0.107717 0.0253234 0.111256 0.0188128 0.232863 0.189375 0.0334099 
0.035719 0.00681838 0.288607 0.0709121 0.0200252 0.0329063 0.0429195 0.0176573 0.48118 0.00325529 
0.0940707 0.0331807 0.0832687 0.143563 0.0560429 0.25314 0.0779931 0.0344071 0.201033 0.0233019 
0.0298864 0.003189 0.182162 0.477118 0.00848548 0.0518735 0.027047 0.12142 0.0915169 0.00730144 
0.0132376 0.00607716 0.034349 0.0438539 0.0290675 0.105603 0.0058484 0.031894 0.640432 0.0896382 
0.036102 0.0698436 0.321805 0.0923767 0.0940623 0.0738947 0.0184167 0.0460011 0.158932 0.0885653 
0.0481163 0.0587103 0.209743 0.0805722 0.04426 0.138731 0.0462541 0.129301 0.140331 0.103981 
0.0278328 0.0376575 0.0853532 0.165021 0.0921773 0.256429 0.00675656 0.100944 0.208786 0.0190426 
0.0954395 0.0202953 0.39613 0.0486408 0.0296397 0.0761461 0.0569978 0.0649206 0.192143 0.0196473 
0.00537666 0.0013459 0.0108938 0.0828557 0.0213053 0.774393 0.00517472 0.021818 0.0293235 0.0475135 
0.0168296 0.0442765 0.090036 0.282834 0.108935 0.11396 0.0220041 0.12967 0.12279 0.0686643 
0.0342172 0.00829094 0.289306 0.458406 0.00989794 0.0433872 0.0147691 0.0313911 0.0521619 0.0581724 
0.00312259 0.00813235 0.17593 0.510834 0.0355989 0.0515798 0.000756613 0.03152 0.176963 0.00556378 
0.119976 0.034468 0.316054 0.0455606 0.0369902 0.053216 0.0731291 0.0180058 0.290618 0.0119816 
0.0316351 0.0773061 0.0869792 0.119573 0.144966 0.157282 0.0306331 0.126213 0.193489 0.0319243 
0.105723 0.0391923 0.186792 0.16376 0.0921228 0.0687565 0.0234032 0.035042 0.211439 0.0737695 
0.00992833 0.0139395 0.376896 0.173476 0.14898 0.0216341 0.01239 0.0672077 0.164525 0.0110235 
0.0305581 0.0266239 0.275592 0.19088 0.105604 0.0336188 0.0553968 0.0320523 0.106608 0.143066 
0.0586957 0.0111946 0.187486 0.235893 0.0315431 0.12739 0.0211605 0.0644659 0.157089 0.105082 
0.0537624 0.0669674 0.210261 0.124749 0.0489345 0.113193 0.0621711 0.0835803 0.168579 0.0678029 
0.0231142 0.0396233 0.179641 0.0283304 0.0688894 0.0255099 0.00629347 0.265792 0.352251 0.0105548 
0.000562631 0.00619607 0.717457 0.033284 0.0446171 0.0153142 0.00422687 0.0213585 0.156498 0.000485071 
0.0353373 0.0192782 0.0734881 0.0753157 0.0109478 0.17709 0.0600191 0.0251409 0.521839 0.00154389 
0.0298002 0.0212915 0.305846 0.0255586 0.086409 0.0298504 0.015136 0.193806 0.287887 0.00441578 
0.179034 0.0203625 0.0416362 0.0526344 0.0305859 0.116674 0.0550587 0.0500381 0.38041 0.0735661 
0.0471232 0.0469399 0.283407 0.13047 0.0400098 0.104351 0.0190157 0.181177 0.051987 0.0955197 
0.0235614 0.0182387 0.295335 0.239648 0.0162409 0.00357315 0.0606411 0.216188 0.103871 0.0227033 
0.031603 0.0150571 0.2756 0.102498 0.0391975 0.143023 0.0219023 0.0963747 0.209388 0.0653559 
0.0579844 0.0212775 0.708754 0.026648 0.0351316 0.0117252 0.0100796 0.0534192 0.0563852 0.0185952 
0.0115972 0.009054 0.100213 0.138815 0.0546423 0.166169 0.0100771 0.1024 0.385378 0.0216537 
0.0998303 0.0270384 0.199073 0.0420854 0.0887946 0.128934 0.0745252 0.0272641 0.262176 0.0502794 
0.00705933 0.0169159 0.459035 0.177787 0.0373045 0.103811 0.00846034 0.0417157 0.109686 0.0382244 
0.0856625 0.0392551 0.280553 0.134028 0.0593324 0.109201 0.061028 0.0537707 0.0924587 0.0847114 
0.0060057 0.000679112 0.0141188 0.027439 0.0011522 0.802024 0.0186485 0.0195757 0.0694569 0.0409005 
0.0150149 0.023739 0.169592 0.138128 0.0160326 0.0332676 0.0136591 0.110288 0.474709 0.00557021 
0.0909265 0.00214686 0.0296528 0.0100972 0.0636407 0.178364 0.226333 0.00713105 0.267038 0.124671 
0.0416017 0.0399256 0.0614368 0.094671 0.0677511 0.357253 0.057005 0.0343922 0.204133 0.041831 
0.0614506 0.0555294 0.14752 0.0718776 0.0958548 0.0932405 0.0443774 0.0403095 0.286435 0.103406 
0.0912768 0.0172838 0.130278 0.299364 0.0308501 0.0369276 0.0720042 0.0423268 0.116158 0.16353 
0.035467 0.00871039 0.072635 0.374462 0.0285922 0.176539 0.0999206 0.0211335 0.130484 0.0520567 
0.0485705 0.0347059 0.180153 0.200867 0.0883421 0.0634639 0.0305489 0.17741 0.0633875 0.112552 
0.112987 0.0251923 0.193106 0.0793586 0.0635274 0.0481917 0.168782 0.0245265 0.2689 0.0154288 
0.0508721 0.00753054 0.0613971 0.0632809 0.103772 0.0794866 0.0505297 0.330224 0.228706 0.0242023 
0.0603404 0.0431402 0.101564 0.110018 0.0296266 0.209869 0.0556215 0.0896202 0.117361 0.18284 
0.0209119 0.0221726 0.155194 0.24283 0.0179086 0.166273 0.0124508 0.0353392 0.306335 0.0205849 
0.0260811 0.0229835 0.264058 0.229371 0.0511511 0.0711776 0.0206595 0.0103653 0.282453 0.0217001 
0.0603385 0.0398713 0.100718 0.119286 0.0388209 0.0943429 0.0208038 0.432686 0.0703778 0.022754 
0.00697994 0.00623392 0.171583 0.360026 0.0907017 0.0245435 0.0119024 0.21419 0.0487459 0.0650932 
0.0517742 0.0458219 0.453291 0.122631 0.0945558 0.0494221 0.0467993 0.0332828 0.0887306 0.0136921 
0.124269 0.0165329 0.20579 0.0314736 0.0335668 0.0774757 0.0548235 0.0218126 0.401506 0.03275 
0.146564 0.0539333 0.104525 0.13741 0.126109 0.101117 0.0933139 0.0758975 0.139068 0.0220624 
0.058738 0.00691567 0.124885 0.0292004 0.033619 0.14229 0.0225131 0.0607528 0.505687 0.0153989 
0.0358648 0.0156851 0.38993 0.334438 0.0156997 0.0432917 0.0179523 0.0489219 0.0601249 0.0380917 
0.0160403 0.00860267 0.112291 0.102826 0.0818729 0.30902 0.0225841 0.016142 0.328729 0.00189212 
0.0386144 0.00895842 0.135438 0.0356251 0.0675422 0.0549271 0.0676499 0.0927494 0.496511 0.00198418 
0.0801375 0.0173871 0.303451 0.180729 0.00754597 0.159479 0.0583767 0.0255032 0.144547 0.0228447 
0.0823638 0.0747788 0.0831459 0.121193 0.195155 0.0416277 0.0375809 0.151754 0.156019 0.0563829 
0.0691821 0.0904893 0.0526376 0.0728105 0.0918936 0.252169 0.114471 0.0364053 0.127223 0.0927182 
0.291757 0.00959366 0.113749 0.0287756 0.0322616 0.0680404 0.245698 0.0119455 0.190104 0.00807472 
0.0172436 0.0831823 0.317571 0.0863942 0.00563264 0.134115 0.020129 0.0887796 0.191085 0.0558676 
0.0242113 0.00664462 0.707129 0.0753829 0.00708247 0.0317235 0.00472774 0.0022542 0.136198 0.00464652 
0.00594622 0.0343243 0.240256 0.232937 0.0974109 0.131731 0.0172173 0.0319315 0.189096 0.0191483 
0.0589812 0.0571458 0.256593 0.0664589 0.0444525 0.056928 0.0551609 0.0647169 0.223613 0.11595 
0.0241492 0.00868413 0.0934649 0.111377 0.11175 0.224568 0.0371965 0.138524 0.238749 0.0115375 
0.0422066 0.00897032 0.0981212 0.211881 0.0222936 0.230796 0.0547235 0.0169706 0.197773 0.116263 
0.0400465 0.0143814 0.407453 0.242728 0.0547228 0.0131148 0.0250433 0.0420672 0.15321 0.00723317 
0.0421191 0.0251077 0.0264018 0.0113325 0.0245724 0.282923 0.218577 0.0112155 0.341932 0.0158193 
0.0907306 0.0133932 0.079362 0.052121 0.142638 0.0649583 0.0521123 0.219806 0.214709 0.0701692 
0.00890217 0.00470972 0.104895 0.171423 0.0293587 0.1345 0.0346179 0.00167545 0.509105 0.000812825 
0.0493303 0.00807039 0.0579664 0.0309692 0.0427228 0.364064 0.0181678 0.15066 0.27426 0.00378866 
0.0650928 0.0117377 0.238673 0.186229 0.0349078 0.140037 0.0252276 0.0259924 0.226163 0.0459397 
0.144711 0.00230409 0.0612517 0.0252802 0.0120117 0.138027 0.136392 0.0107077 0.428752 0.0405629 
0.016678 0.0152144 0.145917 0.158211 0.293984 0.152011 0.00341728 0.0152806 0.190553 0.00873441 
0.0430632 0.0682835 0.459957 0.0914511 0.0349077 0.00929518 0.0793423 0.0482225 0.158396 0.00708177 
0.039821 0.0407869 0.144443 0.133479 0.0691371 0.171476 0.136181 0.0174699 0.21695 0.0302564 
0.0745321 0.0217569 0.222867 0.157381 0.00815039 0.142869 0.00501528 0.1988 0.125296 0.0433321 
0.0208677 0.00665983 0.702026 0.0330823 0.0153185 0.0225381 0.0151224 0.0201563 0.156702 0.00752737 
0.103554 0.0256721 0.0393834 0.0523703 0.0250357 0.199557 0.0614416 0.128264 0.305803 0.0589179 
0.0380631 0.0359499 0.234811 0.284873 0.0100529 0.0756598 0.00393816 0.0440023 0.168252 0.104398 
0.0221477 0.0224975 0.293349 0.1347 0.0269071 0.083492 0.00440718 0.0150654 0.374494 0.0229395 
0.0237516 0.0180159 0.136161 0.0558648 0.0623855 0.0817535 0.0375166 0.0123376 0.552008 0.0202054 
0.0671209 0.0433136 0.138658 0.0422456 0.107382 0.0379318 0.0317293 0.204556 0.31876 0.00830351 
0.0692862 0.038023 0.14574 0.0413201 0.0253862 0.178631 0.100999 0.0185674 0.368703 0.0133433 
0.177531 0.015821 0.215665 0.0460112 0.0600588 0.22497 0.109676 0.0256352 0.0869896 0.0376429 
0.0513997 0.0105414 0.0705899 0.285322 0.0319461 0.187292 0.0277006 0.0275862 0.19132 0.116302 
0.0207698 0.0503836 0.159119 0.112636 0.0828647 0.0742638 0.00660727 0.14472 0.297155 0.0514804 
0.00892112 0.00380104 0.316387 0.27435 0.0457972 0.11467 0.00920462 0.0510224 0.128213 0.0476327 
0.0266876 0.0154199 0.195546 0.164194 0.0082863 0.121885 0.0403071 0.0727563 0.338401 0.0165158 
0.110231 0.0155962 0.196744 0.18588 0.0138539 0.169492 0.0398833 0.0497521 0.1909 0.0276678 
0.208972 0.0340066 0.0557221 0.0374632 0.135284 0.166395 0.089237 0.0343285 0.226491 0.0121014 
0.0692165 0.0347964 0.411304 0.123472 0.00330311 0.0600227 0.00492942 0.0366062 0.239557 0.0167925 
0.0695299 0.00912122 0.0782739 0.0651602 0.032164 0.266757 0.0307742 0.00713341 0.432267 0.00881935 
0.051467 0.0470087 0.105641 0.110168 0.0120578 0.0860286 0.0602011 0.119171 0.350445 0.057812 
0.00354741 0.0433328 0.336875 0.182723 0.0040948 0.0533706 0.0344553 0.0152075 0.304378 0.022016 
0.0564576 0.0834288 0.150487 0.226019 0.111945 0.0797589 0.0482145 0.057991 0.155752 0.0299466 
0.104431 0.0606173 0.119804 0.0701736 0.121348 0.0673346 0.111431 0.152178 0.160071 0.0326114 
0.00735488 0.094582 0.625794 0.0807752 0.0482165 0.0242962 0.0254996 0.0109301 0.0737895 0.00876215 
0.129841 0.0254984 0.144158 0.119952 0.00918661 0.173329 0.0624578 0.0199948 0.291799 0.0237838 
0.0193894 0.0133589 0.183166 0.213006 0.0055843 0.0459796 0.00135383 0.198033 0.314182 0.00594688 
0.0176585 0.0270596 0.213216 0.215661 0.0247775 0.257149 0.0163123 0.0472417 0.170069 0.0108551 
0.0249675 0.0309109 0.193068 0.0811654 0.0514152 0.1319 0.0339791 0.044698 0.348426 0.0594693 
0.0278949 0.0233722 0.335041 0.26735 0.0509676 0.0274047 0.021871 0.0431236 0.192667 0.0103088 
0.0120349 0.0645735 0.181164 0.125016 0.0720009 0.144928 0.00238395 0.225155 0.150709 0.0220343 
0.0845329 0.0208478 0.104722 0.0421726 0.111987 0.219818 0.0331798 0.0539282 0.261546 0.0672663 
0.0790398 0.0821184 0.187568 0.0816178 0.0380081 0.0987768 0.0264645 0.182247 0.194194 0.0299664 
0.0237516 0.0256796 0.110616 0.272313 0.0168112 0.0912821 0.00364039 0.131192 0.307296 0.0174181 
0.0697827 0.08905 0.203485 0.0415469 0.12501 0.0474192 0.0220258 0.165962 0.197833 0.0378844 
0.0134682 0.0210124 0.101126 0.112549 0.0327211 0.144346 0.0372502 0.0498591 0.459717 0.0279511 
0.0798097 0.0422769 0.210648 0.0460167 0.0694323 0.103268 0.0629348 0.0645695 0.250957 0.0700872 
0.0188996 0.0668092 0.19973 0.0633839 0.0231878 0.116998 0.0294676 0.0578549 0.35482 0.068849 
0.0886652 0.0153271 0.185721 0.0988398 0.141901 0.104463 0.0792601 0.060125 0.189103 0.0365955 
0.0200279 0.0353648 0.100048 0.179996 0.0276869 0.406822 0.0162496 0.0111265 0.160082 0.0425967 
0.0274911 0.0194835 0.126963 0.104522 0.0166084 0.336951 0.0333525 0.0399391 0.153389 0.141301 
0.0221592 0.0509546 0.456377 0.121588 0.00865495 0.0608185 0.013674 0.0692112 0.12461 0.0719523 
0.00831931 0.00272207 0.0277342 0.0673296 0.00995105 0.207291 0.117458 0.0025994 0.54792 0.00867551 
0.0675746 0.0270279 0.144112 0.148575 0.0497401 0.174956 0.0466966 0.0414954 0.267049 0.0327737 
0.00601651 0.00853939 0.0365392 0.389734 0.0109487 0.00416381 0.0198482 0.00419013 0.515039 0.00498196 
0.0320516 0.0555742 0.276286 0.143835 0.052473 0.084296 0.0612554 0.0475272 0.224309 0.0223937 
0.0103934 0.00608927 0.0591935 0.274459 0.021186 0.260999 0.0928674 0.00790979 0.264906 0.00199687 
0.0557069 0.0226615 0.102722 0.0490086 0.134298 0.345756 0.0451578 0.0548383 0.157665 0.032186 
0.0494709 0.0166254 0.305719 0.0222914 0.362598 0.0410714 0.0305629 0.0605088 0.102296 0.00885614 
0.0198236 0.00264153 0.106959 0.069076 0.0243057 0.0906451 0.027848 0.0385222 0.574888 0.0452906 
0.129594 0.0331709 0.208117 0.0342675 0.0671793 0.0802802 0.128235 0.0829658 0.193403 0.0427878 
0.0401856 0.000591682 0.0438781 0.25886 0.0767964 0.179089 0.0203468 0.0258215 0.0739977 0.280433 
0.0573262 0.0146698 0.248293 0.16156 0.0142884 0.154684 0.0211792 0.156678 0.128806 0.0425153 
0.038154 0.0726847 0.314461 0.125909 0.0344914 0.0521867 0.0336459 0.0599844 0.200949 0.0675339 
0.0986032 0.038595 0.445633 0.0300085 0.147966 0.0556609 0.0641362 0.0178532 0.0818215 0.0197232 
0.05114 0.0236345 0.201173 0.154049 0.105116 0.0854759 0.0634214 0.0510824 0.195151 0.0697565 
0.0618986 0.0188681 0.125226 0.123692 0.0448773 0.101699 0.0493173 0.0163318 0.431038 0.0270528 
0.0162303 0.0103378 0.0968377 0.274986 0.0250132 0.0467697 0.0196452 0.378624 0.11129 0.0202663 
0.0443543 0.0141023 0.295595 0.101284 0.0653011 0.123765 0.02545 0.0274537 0.285548 0.017146 
0.0634086 0.00236937 0.23974 0.210229 0.073551 0.0324635 0.138728 0.011026 0.21541 0.0130749 
